0
0
0
0
0
0
0
0
0
0
d7
d7
d7
d7
d7
d7
0
0
0
0
0
0
0
0
0
0
0
0
0
0
0
0
0
0
0
0
0
0
0
0
0
0
0
0
0
0
0
0
0
0
8f
8f
8f
8f
b3
d7
0
0
0
0
0
0
0
0
0
0
0
0
0
0
0
0
0
0
0
0
0
0
0
0
0
0
0
0
0
0
0
d7
d7
b3
41
1d
41
1d
65
b3
0
0
0
0
0
0
0
0
0
0
0
0
0
0
0
0
0
0
0
0
0
0
0
0
0
0
0
0
0
0
0
d7
d7
b3
8f
65
65
65
8f
b3
d7
0
0
0
0
0
0
0
0
0
0
0
0
0
0
0
0
0
0
0
0
0
0
0
0
0
0
0
0
0
d7
d7
d7
d7
d7
b3
b3
b3
d7
d7
d7
d7
0
0
0
0
0
0
0
0
0
0
0
0
0
0
0
0
0
0
0
0
0
0
0
0
0
0
0
d7
d7
d7
d7
d7
8f
64
81
5d
81
d7
d7
d7
0
0
0
0
0
0
0
0
0
0
0
0
0
0
0
0
0
0
0
0
0
0
0
0
0
0
0
0
d7
d7
d7
b3
41
15
8
7
32
ac
d7
d7
0
0
0
0
0
0
0
0
0
0
0
0
0
0
0
0
0
0
0
0
0
0
0
0
0
0
0
0
0
d7
d7
b3
41
f
7
1
32
ac
0
0
0
0
0
0
0
0
0
0
0
0
0
0
0
0
0
0
0
0
0
0
0
0
0
0
0
0
0
0
0
b3
b3
89
41
16
32
7
32
ac
0
0
0
0
0
0
0
0
0
0
0
0
0
0
0
0
0
0
0
0
0
0
0
0
0
0
0
0
0
0
8f
41
39
33
16
41
88
32
2c
ac
d7
0
0
0
0
0
0
0
0
0
0
0
0
0
0
0
0
0
0
0
0
0
0
0
0
0
0
0
b3
ac
64
16
f
f
16
65
8f
5d
57
ac
d7
ac
d7
d7
0
0
0
0
0
0
0
0
0
0
0
0
0
0
0
0
0
0
0
0
0
0
d7
6b
40
33
2c
8
15
16
1d
1d
41
88
ad
d7
88
32
88
d7
0
0
0
0
0
0
0
0
0
0
0
0
0
0
0
0
0
0
0
0
0
0
89
41
f
8
1
7
f
16
1d
16
16
65
8f
88
57
f
5d
88
0
0
0
0
0
0
0
0
0
0
0
0
0
0
0
0
0
0
0
0
d7
8f
41
f
8
7
7
7
8
e
16
16
8
16
16
32
f
16
f
32
ac
0
0
0
0
0
0
0
0
0
0
0
0
0
0
0
0
0
0
0
d7
8f
1d
f
7
7
7
7
1
8
16
15
8
e
f
f
16
1d
f
2c
ac
0
0
0
0
0
0
0
0
0
0
0
0
0
0
0
0
0
0
0
d7
8f
1d
f
7
7
7
7
7
e
16
16
8
7
8
16
1d
1d
f
32
ac
0
0
0
0
0
0
0
0
0
0
0
0
0
0
0
0
0
0
0
d7
8f
1d
f
7
7
1
7
f
16
65
5d
8
1
8
16
41
8f
3a
15
57
81
0
0
0
0
0
0
0
0
0
0
0
0
0
0
0
0
0
0
d7
89
16
f
7
8
8
8
16
41
b3
81
8
1
8
16
65
b3
65
16
32
81
d7
0
0
0
0
0
0
0
0
0
0
0
0
b3
0
0
0
0
d7
88
e
8
8
15
16
16
65
89
57
2c
7
1
8
16
1d
65
8f
b3
ac
ac
d7
d7
0
0
0
0
0
0
0
0
0
0
0
65
8f
0
0
0
d7
88
32
7
8
16
16
16
65
89
57
32
32
32
33
41
41
41
88
ac
ac
ac
ac
d7
d7
ac
ac
ac
d7
d7
ac
ac
b3
ac
88
1d
41
ac
0
0
ad
ad
ac
32
7
8
8
e
16
65
89
ac
ac
ac
ac
b3
b3
b3
5d
32
32
32
32
ac
ac
57
2c
32
ac
ac
57
39
41
39
33
16
16
32
88
d7
0
b3
b3
81
32
7
1
7
f
16
88
ac
ac
ac
ac
b3
b3
d7
81
32
32
32
57
ac
ad
5d
32
57
ac
ad
5d
39
41
39
57
65
3a
57
88
0
0
0
ac
ad
ac
2c
7
7
8
8
2c
2c
2c
2c
32
16
65
d7
d7
ac
ac
ac
ac
d7
d7
ad
ac
ac
d7
d7
ad
b3
b3
b3
b3
b3
b3
ac
0
0
0
0
0
d7
d7
81
57
57
2c
1
1
1
7
1
8
16
65
d7
d7
d7
8f
8f
8f
b3
d7
8f
b3
d7
b3
8f
8f
8f
8f
b3
d7
0
0
0
0
0
0
0
0
0
d7
d7
d7
ad
57
7
8
7
7
7
8
16
65
d7
d7
b3
41
1d
41
8f
b3
41
65
d7
65
1d
1d
1d
41
8f
d7
0
0
0
0
0
0
0
0
0
0
d7
d7
d7
ac
81
81
57
8
1
8
64
8f
0
0
0
8f
65
8f
b3
d7
8f
8f
d7
b3
65
65
65
65
0
0
0
0
0
0
0
0
0
0
0
0
d7
d7
d7
d6
d6
d6
81
2c
7
32
ac
0
0
0
0
0
d7
d7
d7
d7
d7
d7
d7
d7
d7
d7
d7
d7
0
0
0
0
0
0
0
0
0
0
0
0
d7
d6
ce
ce
ce
ce
a3
78
78
a3
d6
0
0
0
0
0
0
0
0
0
0
0
0
0
0
0
0
0
0
0
0
0
0
0
0
0
0
0
0
0
d7
cf
cd
c6
c6
c6
c6
a2
a2
a3
d6
0
0
0
0
0
0
0
0
0
0
0
0
0
0
0
0
0
0
0
0
0
0
0
0
0
0
0
0
0
d7
d7
cf
cd
c6
c6
78
2b
2b
56
ac
0
0
0
0
0
0
0
0
0
0
0
0
0
0
0
0
0
0
0
0
0
0
0
0
0
0
0
0
0
d7
d7
d7
cf
cd
cd
7f
2b
2b
56
cf
0
0
0
0
0
0
0
0
0
0
0
0
0
0
0
0
0
0
0
0
0
0
0
0
0
0
0
0
0
d7
d7
d7
d6
d6
d6
cf
a2
a2
a2
c7
ce
d7
0
0
0
0
0
0
0
0
0
0
0
0
0
0
0
0
0
0
0
0
0
0
0
0
0
0
0
0
d7
d7
d7
d7
d6
ce
c6
c6
c6
78
a3
cf
0
0
0
0
0
0
0
0
0
0
0
0
0
0
0
0
0
0
0
0
0
0
0
0
0
0
0
0
0
d7
d7
d6
cd
c6
c6
c6
a2
2b
55
c7
cf
0
0
0
0
0
0
0
0
0
0
0
0
0
0
0
0
0
0
0
0
0
0
0
0
0
0
0
0
d7
cf
ce
ce
cd
c6
c6
a2
79
78
c6
cf
d7
0
0
0
0
0
0
0
0
0
0
0
0
0
0
0
0
0
0
0
0
0
0
0
0
0
0
0
d7
ce
cd
d6
cf
c6
c6
c6
c6
c6
c6
cf
d7
0
0
0
0
0
0
0
0
0
0
0
0
0
0
0
0
0
0
0
0
0
0
0
0
0
0
0
d7
d6
ce
ce
ce
cf
cf
ce
c6
a2
55
a3
ce
0
0
0
0
0
0
0
0
0
0
0
0
0
0
0
0
0
0
0
0
0
0
0
0
0
0
0
d7
d7
d6
cd
ce
d7
d7
cf
c7
78
2b
79
cd
d6
0
0
0
0
0
0
0
0
0
0
0
0
0
0
0
0
0
0
0
0
0
0
0
0
0
0
0
0
d7
d6
d6
d7
cf
cd
c6
a2
78
a4
d5
0
0
0
0
0
0
0
0
0
0
0
0
0
0
0
0
0
0
0
0
0
0
0
0
0
0
0
0
0
d7
d6
d6
d7
ce
c6
c6
c6
c6
cf
d7
0
0
0
0
0
0
0
0
0
0
0
0
0
0
0
0
0
0
0
0
0
0
0
0
0
0
0
0
0
d6
ce
cf
d7
ce
c6
c6
c6
c6
cf
d7
0
0
0
0
0
0
0
0
0
0
0
0
0
0
0
0
0
0
0
0
0
0
0
0
0
0
0
0
0
cf
ce
ce
cf
cd
c6
78
a3
cd
d5
0
0
0
0
0
0
0
0
0
0
0
0
0
0
0
0
0
0
0
0
0
0
0
0
0
0
0
0
d7
ce
cd
d0
cf
c7
c6
a2
2b
57
d6
0
0
0
0
0
0
0
0
0
0
0
0
0
0
0
0
0
0
0
0
0
0
0
0
0
0
0
0
0
d7
cf
ce
cf
ce
c6
c6
a2
79
81
d7
0
0
0
0
0
0
0
0
0
0
0
0
0
0
0
0
0
0
0
0
0
0
0
0
0
0
0
0
d7
d7
d7
d6
cd
c6
c6
c6
c6
c6
ce
d7
0
0
0
0
0
0
0
0
0
0
0
0
0
0
0
0
0
0
0
0
0
0
0
0
0
0
0
d7
d6
ce
d6
d6
cd
a2
55
4f
79
ce
d5
0
0
0
0
0
0
0
0
0
0
0
0
0
0
0
0
0
0
0
0
0
0
0
0
0
0
0
d7
d7
cf
cd
cf
d6
cd
78
2b
8
33
ac
0
0
0
0
0
0
0
0
0
0
0
0
0
0
0
0
0
0
0
0
0
0
0
0
0
0
0
cf
ce
ce
ce
cf
ce
cd
c6
a2
79
80
82
0
0
0
0
0
0
0
0
0
0
0
0
0
0
0
0
0
0
0
0
0
0
0
0
0
0
0
d7
ce
c6
c6
ce
d6
ce
c6
a2
a2
a2
cf
d7
0
0
0
0
0
0
0
0
0
0
0
0
0
0
0
0
0
0
0
0
0
0
0
0
0
0
0
d7
d6
cf
c6
ce
d7
ce
a2
4f
2b
2b
ac
d7
0
0
0
0
0
0
0
0
0
0
0
0
0
0
0
0
0
0
0
0
0
0
0
0
0
0
0
0
d7
d6
c7
ce
d6
ce
a2
4f
2c
33
82
0
0
0
0
0
0
0
0
0
0
0
0
0
0
0
0
0
0
0
0
0
0
0
0
0
0
0
0
0
0
d6
cd
ce
d6
ce
c6
a2
a4
ac
0
0
0
0
0
0
0
0
0
0
0
0
0
0
0
0
0
0
0
0
0
0
0
0
0
0
0
0
0
0
0
0
ce
cf
d7
ce
c6
c6
cd
cf
0
0
0
0
0
0
0
0
0
0
0
0
0
0
0
0
0
0
0
0
0
0
0
0
0
0
0
0
0
0
0
0
d6
d7
d7
ce
c6
c6
c6
c7
cf
0
0
0
0
0
0
0
0
0
0
0
0
0
0
0
0
0
0
0
0
0
0
0
0
0
0
0
0
0
0
0
0
0
d7
ce
c6
c6
c6
c6
cd
cf
0
0
0
0
0
0
0
0
0
0
0
0
0
0
0
0
0
0
0
0
0
0
0
0
0
0
0
0
0
0
0
0
d7
ce
c6
c6
c6
c6
c6
cd
d6
d7
d7
0
0
0
0
0
0
0
0
0
0
0
0
0
0
0
0
0
0
0
0
0
0
0
0
0
0
0
0
0
d7
ce
c6
c6
c6
c6
c6
c6
cd
ce
ce
0
0
0
0
0
0
0
0
0
0
0
0
0
0
0
0
0
0
0
0
0
0
0
0
0
0
0
0
0
d7
ce
c6
c7
c7
c7
c7
c7
c7
c6
cd
cf
d7
0
0
0
0
0
0
0
0
0
0
0
0
0
0
0
0
0
0
0
0
0
0
0
0
0
0
0
d7
d6
cf
cf
cf
cf
cf
cf
cf
cf
cf
d6
d7
0
0
0
0
0
0
0
0
0
0
0
0
0
0
0
0
0
0
0
0
0
0
0
0
0
0
0
d7
d7
d7
d7
d7
d7
d7
d7
d7
d7
d7
d7
d7
0
0
0
0
0
0
0
0
0
0
0
0
0
0
0
0
0
0
0
0
